    0    0          Snowman
  SPH    1       0.0     -10.0       0.0      10.0
  SPH    2       0.0       3.0       0.0       6.0
  RCC    3       0.0       9.0       0.0       0.0      -1.0       0.0
                 5.0
  RCC    4       0.0      15.0       0.0       0.0      -6.0       0.0
                 4.0
  RCC    5       0.0      14.0       0.0       0.0      -6.0       0.0
                 3.0
  BOX    6     -11.0     -21.0     -11.0      22.0       0.0       0.0
                 0.0      44.0       0.0       0.0       0.0      22.0
  BOX    7     -12.0     -22.0     -12.0      24.0       0.0       0.0
                 0.0      46.0       0.0       0.0       0.0      24.0
  END
  001          +1     -2
  002          +2     -3
  003          +3     -5
  004          -5     +4
  005          +5     +6     -2     -3     -1
  006          +6     -2     -4     -3     -1
  007          -1     -2     +5     +6
  008          +5     +6     -2     -4     -1
  009          -1     +3     +5     +6
  010          +3     +5     +6     -4     -1
  011          +2     +3     +5     +6
  012          +2     +3     +5     +6     -4
  013          -6     +7
  END
    1    2    3    4    5    6    7    8    9   10   11   12   13
    4    4    1    1    2    2    2    2    2    2    2    2    0
